ABBENDONA. Vincentius 00001 (10,]99; 5101011111 (10, 56, 57, 67, 95, 119, 116,

1101160110, 126. 11110, 11011.
Alnus, Ingelranus de, 51, 60, 99. -- Β1110, 11111 50, 59, 60, 69, 86, 88,
5010118111, 147. 89, 115, 191, 188 bis, 186.
5010111149. -1001001,11111’50, 66.
510101, 111101, 9, 6. ,4150001100 in 01150 monam, 84.
501101, 010150, 6. 515105011ος0, 11110151, 75.
-—- 1100’ 50, 155, 157. 5151110111 0011101, 150.
— 1100101150 58, 65. 101001, 41.
-- 101ςί0101 50, 67. 510101, 1101100110οε 50, 116.
5000011Ἐ111001011111,97. 5130101, 148.
(1001011101 nmine, 01 azbi, 111. -- prior, 160.
Aah . . . 97. 510010111150, 159511111111010011150158
5011οι100 110051, 65. 51001, Will' de, 111. ’
501010, 180, 199. 5110, Will' 111 0011115150, 199.
501010, 80. 5110011010 1151, 70.
Aenum, 0111150, 75. 51010011001001 50 waltham, 61.
550100001010110041, 59, 69. -01011000 prepositus 50 81001011, 55.
- 0011101 0111 Lond’, 61. - 11501011 Drino, 89, 90.
-0011001001 60. -- 6051101, 78, 116.
— 01011001, 47. -- 1-1011, 19.
-·- 11 100101, 95. -··-.1011011, 159, 158.
55010 01 101010 filii 51511101 0011101, 150. -- 1101011, 119.
5011111001 nn 11000, 99. -111110000196
5501011000, 1100011110, 59· - frater Rogeri 100000, 69.
5501100 mater wiu’ 1001 50 Nofing’, 19. 51011001 310001, 148, 150.
5010011, will· (10, 48, 59, 67, 68. ·- p'b'r, 90.

1000065. --- nepos 101011, 40.

111001010150, 199. 5111011100, parcum de, 77.
11110101 1110000501, 68. 511110010οη0, 0100, 146.
51101110101000110150, 116. 50100101, Β1010110150,41, 108, 157.
5111001, Ric', 147. 510οτ010000, 000011ος0 50, 99, 196.
51111 fil' 1111, 88. amore, pro. 55, 109 01011οἰ.
5111101501 50 Rioembergehundred, 101. 5100050νὶ111, 10οἀ (10, 96, 199, 190 111.
5101101 001001, 14. 500010, will· 50, 99.
-- 110101 11500151, 160. 50110011, 108.
510000 01011001 prioris, 88. 50311001, 1110110101, 108.
-11’ 1050011, 97; 01 cecilia 1110 sua, 0111001011 30150111, 141, 149.

48. 500011οω1101 clericus Rob' 50 11010, 190.
--·— 050010, 94. —— 001100101, 114.
--- wigoti, 110. --—-· nepos 11011011, 146.
5100 1110110, wido 50, 49. -—-- p'b'r (10 Bur& 85.
5101110010, Will’ de, 99, 99, 89. 501010101 50 110111, 5.
5001100101οή0υο 49. —-- vicecomes, 15, 99, 41, 109, 108,
5100011110, 0131511410, 67. 199, 195.
5111136100 1111111150, 94. 110111, 79, 199, 194

—-· (10051050 uxor Nigelli de, 88, 108. 50111 dapifer, 64, 66, 67011.
..- 0,,(1 de, 111. 5010011110, 11010101 50, 59, 911119.
-- 11011 50, 111. 5018010110, walterus de, 9.

MS

 

