INDEX.

8010110111, 188. Enim Pagmu· 60, 108.

.-.. hogerus 101010, 101. -- 0011101011103, 100111. .
— 1111110, 188. 8100011016ςο 110061Ι 60, 21.

8111011000, 19, 129. Brund 11100010τί01, 42

8010111113, abbatim 60, 46, 51, 56, 57, 60, ——cle castra, 120.

102, 104. 81001000, domus Regis 60, 44; 11010 60, 48.

80101011, manerium 60, 90. 810101, Rob' 60, 67.
8016000010, 110066 60, 56. 8110001000, 0001011001 60, 188.
8010006000, dominium 8011160185. 8110101100, 88111.

8000006010, 1110000111 60, 51, 52, 57, 61, 8110010101 p’b'r, 88.

62, 67, 102. 80111110 1111’ 001118, 4111, 5, 6, 21, 22111,
Βο111811111101011000, 81, 138. 23, 89, 49111111, 51, 52, 62, 76,’19,
--- 10100101101601100106011000,48. 80, 84, 86, 101 111, 102, 109104,
--, 11qu 117. 101, 109,100,101,100,110,111,
-—— Inder’, 28. 152.

-- 1060101101 1011ωὸ1,159,160101, 8111110011,911111·οο11’00,27111,28,61,
161. 98116,1161ι’1,111,118,190.

80110001, will‘, 24. 81110110, 80110011 60, 20, 22, 80.

8011111001, dim· 1101161· 60, 8. 8100, 80010011 601, 51, 85.

8010 sororius Wnlin’ 8100610061, 186. —- Henr’ 601, 51.

81106, 8601110 0101 1101011110, 114. 8106001011101161“,98.

810010111000, 91, 95, 98, 99, 149· ΒΝ11’. 77·

8180101, Will’, 94. 81011, 8086028111, 29.

8111001, 0000 60, 112. 810110111ομ 68.

8111011000, 98. 81011601, 11111380.

8101000160, 40. 8111010111, 75.

81101013, Herbarum 60, 11. 8101101, Will‘, 99.

81101010, 79. 80000 uncta, Andreas, 145, 147.

811010, Will', 11. 8000010001, 00001601, 145, 149.

him 000, 11, 00, 01. ’1111110101ιο 111.

8100, 0060101110 10, 89. Will’, 146. ·

8100011001 wallensis, 89 111· 800111ομ000, 1101311160, 101.

81000101 101 1111110101, 90, 147. 80011180111111100101, 100.

81011100 60 Mabuderi, 90. 800, 6010111, 503

8100110110, 11006160, 126. 801111, sardanas de, 9, 28.

28, 80 bis. 88, 84, 86. 80100011, 01011000, 48.
811610ςο 1101166, 97. 8010111, 8010110101 60, 146.
8101100νί110, 1111110, 108. 80100101,8011100110160, 24, 84.

8101011010, 8011611116. 101010, 1.
81011601, 0100101101, 54. 8011100, 40.
8000010060, Will’ de, 4, 100, 122, 126. bure, 2.
noaino, 1111160, 58, 60. Burg, 24, 81, 85.
8000111018011011, Unum, 14, 18, 22, 28, --- 00110160, 48, 80.
51 111, 56, -- 0110011110 60, 82.
60, 102. -- 8010110101 p’b’rde. 85.
...------- 86010 amita —— 60110 60, 81, et 00101101 finus 1001,
60, 22. 81 ; 01 osbertus nepos 1001, 85.
8011110, 1111111, 01 1011061 0001, 154. 801110, 00011· 60, 48.
8010010, 8010100161 111110, 50. 8010111600, Regem, 108.
Bonefaeius, 69. 8011101100, 80101101, 5, 74, 76, 85, 102.
bardai. 2. Burtona, 011111 de, 11.
8016111111, walterus, 104. 80110110 60 Lanam castellum 60, 188.
80100,81161’60, 99. 8010016000001000601060128.
-- 8100160160, 88, 89. 811101, Το10110111100, 16.
-— 801160, 96. 8010111010, 1101’, 86, 94.
-- lietberti, Τ1011100160, 14, 15, 16.
8010118111. 68, 72.
8010110, flamm, 150. cabum, 0111011111 60, 115.
notem, 78. 001101, Wffl', 152.
8010101, Will’, 160. 0060010, abbas de, 16, 60, 95, 150.
1101111001,61.01,61. -1111010 1016. 5⁸, 60. ⁸0· 9⁵·
8111601016, 110061· 60, 21. -- 801010160160, 87.
8106000110, 8061600101 60, 107. . 006016, 801116 60, 5, 29, 80, 104, 124, 126.
8101, 8010110060,101. 0111111001, 81010 70111, Ι71, 88.
8101101, manerium de, 106. —-· 8066016, 28.

MC

 

