INDEX.

0111, 01110111 00, 01 80011001 1111001111
1001, 159.

00111110, 144.

0111100011, 810101, 81, 140.

01110010, Hugo de, 6, 86, 81, 104.

calceria, 117.

01100000, 98.

—— 1111101101 00, 96.

0111110011, will· de, et Teodb' ,11101 ejus 20.

01111, 111101 00, 0111111 100011οι11, 18.

--— 1110 de, 28, 102, 126.

-- Seulf' p'b’r de, 19.

-s- 1111100. 88.

01110 monte, 1111100, 128.

0111, 1101200, et 11111· 1111001, 10.

- 1111100, 102, 104.

camba, Fulco 00. 97.

0110011, 81011100, 90.

Camere, 1011111Ιο11 00, 6.

Camere Regis de Memeseld, 10.

0111111111, 1110· 00, 5.

Regem de, 88.

0100010, walterus de, 26.

0111001010, Hugo de, 54.

011011111100, 16, 22, 28, 41, 51111, 57,
601 621 751 86 118 991
1000001
122, 126, 140,148, 150,
151, 152.

, 010111000,188, 189, 150.

0100011101, 89.
0101011, 811111001 00, 112.
01010111 11001101, 6, 50, 51 511, 52, 58,
000000000
72, 99, 101, 102, 149, 150, 151,

01110111 0111111, 88, 68.

01010 Lupi, 1111110101 00, 121.

capelle, 01110ήο0100, 54, 61.

-- 0011011100, 108.

—·-- Metellus de, 152.

0100100, Rob‘, 126.

00111000, ut niret 00, 89.

corbo, 144.

011110001101, 1101110111. 6.

01101001, 1100110110 00, 88.

01110111τί01 castelli 0011110110, 16.

00101, 1110 00, 92.

-- 1101100, 155.

-- Rob‘ de, et 1110 freter 1011, 108.

001001, 89.

cassel, Hugo de, 147.

01101, 8110000, 120.

—·- negem. p'b'r de, 118.

catena putei, 17.

euteria 0011011000, 44, 1111111111αά0, 44.

01110101, 90.

0100011, 11000100, 20.

01011001, Roger' 00, 1.

001111, Rob’ 00, 62.

0010110101, 18, 17 .

cenem surestoe (10 Mereberga, 17.

-- Nove Forescoe, 17.

-—- 1' inchoriu32 26, 01 de 1101 ,11101111

00001101, 00101000 00, 81, 84.

00001001, dominium Regis de, 47.

' --— 11'dr‘ de, 21.

0010110100 11001110, 115.
00111, 1111110 00, 14.
00001011, 1111000, 22.
cerneleia, et 1010111000 ei pertinet, 86.
certeseia, 1011111111 00, 140.
cervisa 11001011, 78.
0011010111 pluc', 106.
011111.Ι 0011, 11, 76, 88, 89, 108, 121.
--- em* 01 11100, 110. 7111.
1111111 00111
-110011 commen, 110, 114.
0111110101, 75, 76, 151 511, 152.
- 1111101, 78, 74.
0011101010110001’, 45.
0011111011,188,140, 01101101 S'e'ae 1111110
00, 141, 1101301110 00, 142.
0100000110, 0011011100, 79.
0110100011, 77, 81, 89, 90-
01111011100, 156.
01111000011691000, 81, 140.
0110100110(οι 1110100, 56.
Chenerdeeburg, 24, 81.
000100011001, 48.
0110001111, 76.
-— 11111’00,89,107.
01101101ώο111, 11010100, 128.
010101110011101101, 20, 21.
01101100, 11111, 95.
01101, 63, 94.
Chepemeneeele, 40.
0110100111, 0111 00, 120.
01101100, 110001111οω81’01011’, 145.
0110101101 111 800101, 28.
01101011, 1301011011 01, 184, dominium Regis
Chidde, 1101110, 10.
01(1010110,1110’, 107.
wssl’, 42, 48, 95.
child, Alwoldus 111’ Alwoldi, 180, 182.
01111101, Rogerus de, 115.
0000101001, 85.
00110111, 18.
0111111101, Hugo, 58.
0100111, 42.
0101111, 111011, 68, 70.
0110011011, 74.
0001111011, 111111110οε 00, 5.
0110001111, abbas de, 126.
Cireeeetr', 28, honor de, 16 , form de, 77 ,
0001011100, 79, 1111101 00, 80, 126.
Cistell', 00110111 00, 51.
0110110110οα, 55.
011100100001000, 157. .
0111000011, 1, 17.
011110 vallibus. Pnganue de, 42.
0111011οῥ hundr’ de. 98.
01101110, Eudo de, 121.
01010, 11000100 00, 89.
0111101101, 129, 180 101, 182.
Clineamp, Agnes de, 106. ¹
01111101, (110110 00, 6, 8, 9, 10111, 12 511,
17, 28, 26, 27, 84, 87, 41, 47 1471501
55, 56, 59, 65, 69, 72, 78, 74, 76, 88
0000000001
,104, 105, 106, 108 bis, 112, 121, 128,
124, 126, 185.
0111101, 1111100, 100.

 

